1        5.25451      0.0113934    0.000129809
2         5.4014       0.075977      0.0057725
3        6.33868      0.0151613    0.000229864
4        6.65666      0.0108629    0.000118003
5        8.64329      0.0159687    0.000254999
6        8.32533      0.0213458    0.000455642
7        8.98798      0.0442279     0.00195611
8        8.81281      0.0257163    0.000661326
9        9.03206     0.00143539    2.06034e-06
10        9.15415     0.00487722    2.37873e-05
11        10.5431      0.0243119    0.000591067
12        10.6827       0.927559       0.860365
13        10.6653       0.059748     0.00356982
14        10.9119     0.00278698    7.76728e-06
15        11.0922      0.0406394     0.00165156
16         10.979      0.0323037     0.00104353
17        11.3948      0.0176732    0.000312342
18        11.6607      0.0209024    0.000436909
19        11.6934      0.0137259      0.0001884
20        11.6957     0.00962776    9.26938e-05
21        12.1543      0.0069078    4.77177e-05
22        14.6266      0.0434516     0.00188804
23        14.7756      0.0347184     0.00120537
24        14.7047      0.0222959    0.000497106
25        15.6994      0.0134568    0.000181084
26        14.8969      0.0349006     0.00121805
27        15.0441     0.00197366    3.89533e-06
28        15.5465       0.270401      0.0731166
29        15.6212      0.0169555    0.000287489
30        15.5485       0.302103       0.091266
31        15.6373       0.061004     0.00372148
32        16.1271     0.00402212    1.61775e-05
33        16.0281      0.0460221     0.00211803
34        16.1421      0.0361358     0.00130579
35        16.1082      0.0846879     0.00717203
36        16.2563     0.00810759     6.5733e-05
37        16.3427      0.0294254    0.000865857
38        16.8238      0.0260646    0.000679365
39        16.8858     0.00511357    2.61486e-05
40        16.6637      0.0422798     0.00178758
41        17.2585      0.0331933      0.0011018
42        17.3984      0.0126048     0.00015888
43        17.6994      0.0313094    0.000980278
44        17.5095      0.0161202     0.00025986
45        20.0441       0.400922       0.160738
46        20.2733      0.0229926     0.00052866
47        20.7034      0.0314888    0.000991545
48        20.3153       0.104892      0.0110023
49          21.01    0.000448559    2.01205e-07
50        20.7217      0.0404429     0.00163563
51         20.978       0.178078      0.0317117
52        20.8488       0.099698     0.00993969
53        21.1062      0.0495209     0.00245232
54        22.6597      0.0107679    0.000115947
55        21.8617     0.00619011    3.83174e-05
56        22.1772      0.0372442     0.00138713
57          21.98       0.043869     0.00192449
58        21.7838       0.133395      0.0177943
59        22.5391      0.0653998     0.00427714
60        21.9409      0.0335071     0.00112273
61        22.6573       0.283938      0.0806206
62        22.2472     0.00782256    6.11924e-05
63         23.024      0.0436896     0.00190878
64        22.5385      0.0170386    0.000290314
65        23.1162      0.0499694     0.00249694
66        23.5495      0.0142516    0.000203109
67        23.4128      0.0632468     0.00400015
68        23.1952      0.0254629    0.000648359
69        23.5531      0.0200057    0.000400229
70        23.3043      0.0536494     0.00287826
71          24.01      0.0452147     0.00204437
72        23.4785      0.0165002    0.000272257
73        24.3567      0.0159687    0.000254999
74        23.8228      0.0372442     0.00138713
75        26.9419      0.0869307     0.00755694
76        24.3063      0.0096911    9.39175e-05
77        24.6533       0.029246     0.00085533
78        24.2943      0.0725883     0.00526906
79        24.9058       0.183281      0.0335919
80        24.7738      0.0704347     0.00496104
81        25.0962        0.04046     0.00163701
82        25.4655      0.0147267    0.000216875
83        25.3828      0.0276312    0.000763484
84        24.9239      0.0656841     0.00431441
85        25.1784       0.679477       0.461688
86        25.8639      0.0675844     0.00456765
87        25.9218       0.227329      0.0516787
88        26.2893     0.00915271    8.37721e-05
89        26.5852       0.652922       0.426307
90        29.9039     0.00304035     9.2437e-06
91         29.992      0.0898911     0.00808042
92        29.8689       0.067426     0.00454627
93        29.9499     0.00224279    5.03012e-06
94        29.7598     0.00760086    5.77731e-05
95         30.511      0.0218897    0.000479157
96        29.8378     0.00513058    2.63229e-05
97        30.0341      0.0880072     0.00774527
98        30.3624       0.020174    0.000406989
99             31              0              0
100        31.3724      0.0198573    0.000394311
101         31.505      0.0221588    0.000491012
102         30.962      0.0644807     0.00415776
103        31.8397     0.00717694    5.15084e-05
104        31.9159      0.0342989     0.00117641
105        31.5251      0.0212617    0.000452059
106        31.8669     0.00421215    1.77422e-05
107        31.7034        0.10281      0.0105698
108        31.7157       0.040633     0.00165104
109        32.1042       0.810456       0.656838
110        32.4605      0.0803475     0.00645572
111        31.7355      0.0118419    0.000140232
112        32.7998     0.00633405    4.01202e-05
113        31.9539      0.0915957     0.00838977
114        32.5095       0.047157     0.00222379
115        32.6533      0.0602863     0.00363444
116        33.1942      0.0254946    0.000649973
117        32.6774      0.0592097     0.00350579
118        34.8689      0.0274898    0.000755689
119        33.3587      0.0287078    0.000824135
120        33.6316      0.0749319     0.00561478
121        33.8417      0.0966195     0.00933533
122        34.0651       0.377605       0.142585
123        34.9619      0.0912368     0.00832416
124        34.3193      0.0215358     0.00046379
125        34.6052      0.0624394     0.00389867
126        34.5385      0.0462386     0.00213801
127        34.7214      0.0124699    0.000155499
128        35.2412      0.0240061    0.000576291
129        34.9259      0.0480855     0.00231221
130        34.7558     0.00772755     5.9715e-05
131        35.5251      0.0235045     0.00055246
132        35.3574       0.431634       0.186308
133         35.501      0.0671044       0.004503
134        35.2833      0.0859531     0.00738794
135        35.0321       0.132863      0.0176526
136        35.5776      0.0766421       0.005874
137        35.7715      0.0997594     0.00995194
138        36.3413       0.147393      0.0217248
139        36.2565      0.0114831    0.000131862
140        36.4444      0.0492156     0.00242218
141        37.2064       0.080292      0.0064468
142        37.4234      0.0182421    0.000332773
143        37.4028      0.0715002     0.00511228
144        37.3554      0.0203957    0.000415983
145        37.9299      0.0479061     0.00229499
146        37.3514      0.0205223    0.000421166
147        37.3848      0.0723076      0.0052284
148        38.4124      0.0446868     0.00199691
149        38.7415        0.28017      0.0784951
150        38.9049       0.445949       0.198871
151         39.256      0.0332727     0.00110707
152         38.468      0.0484461     0.00234702
153          38.59       0.920813       0.847896
154         38.627      0.0750408     0.00563113
155          39.33       0.461972       0.213418
156         39.678      0.0101825    0.000103684
157         40.048      0.0872961     0.00762061
158         38.675      0.0419002     0.00175563
159         39.426      0.0256701    0.000658952
160         38.959      0.0645421     0.00416568
161           39.9     0.00447214          2e-05
162         39.869      0.0357654     0.00127916
163         40.046      0.0426642     0.00182023
164         42.287       0.022547    0.000508369
165          39.17      0.0818401      0.0066978
166         41.152      0.0268161    0.000719104
167          39.65      0.0156525       0.000245
168         39.771       0.133733      0.0178844
169         41.024       0.043648     0.00190515
170         41.141       0.027164    0.000737881
171         41.072      0.0415014     0.00172237
172         41.072      0.0609687     0.00371718
173         41.882      0.0499985     0.00249985
174         41.608      0.0440189     0.00193766
175         41.506      0.0668137     0.00446407
176         41.651      0.0110363    0.000121801
177         41.898      0.0940043     0.00883681
178         42.291      0.0224205    0.000502681
179         42.274      0.0771891     0.00595815
180         41.994       0.474531        0.22518
181         47.648       0.968128       0.937272
182         47.475      0.0798475     0.00637563
183         47.968       0.135595       0.018386
184         48.084      0.0605892     0.00367106
185         47.488       0.513759       0.263948
186         48.571         1.0255        1.05164
187         49.176       0.126293        0.01595
188         48.345       0.896348       0.803439
189           48.9     0.00447214          2e-05
190         48.955      0.0646686     0.00418202
191          49.79         1.4852        2.20581
192         49.365      0.0200805    0.000403225
193          49.42       0.160102      0.0256328
194         49.359      0.0202702    0.000410881
195          48.95       0.896663       0.804005
196         49.502      0.0473709       0.002244
197         49.204      0.0803196     0.00645123
198         50.175      0.0577116     0.00333063
199         51.122      0.0392654     0.00154177
200          50.28      0.0543912      0.0029584
201         50.818      0.0528606     0.00279425
202         51.243      0.0555612     0.00308705
203         51.706      0.0131481    0.000172872
204         50.519       0.933473       0.871371
205         50.872      0.0504457     0.00254477
206         51.509      0.0471496     0.00222308
207         50.898       0.138726      0.0192448
208         51.008       0.632203        0.39968
209          51.48       0.112698      0.0127008
210          51.19        0.08886      0.0078961
211         51.732      0.0567067     0.00321565
212         52.324       0.021377    0.000456976
213         52.154      0.0378343     0.00143143
214         52.407      0.0187523    0.000351649
215         55.738        0.10116      0.0102333
216         52.324       0.116245       0.013513
217         52.328       0.119495      0.0142792
218         52.389      0.0825671     0.00681732
219         53.326         1.4165        2.00648
220         52.989      0.0952162     0.00906612
221         53.126      0.0390865     0.00152775
222         53.207      0.0883224     0.00780085
223         56.442      0.0644882     0.00415873
224         53.009      0.0313382    0.000982081
225         53.104      0.0847917     0.00718963
226         53.258       0.118332      0.0140026
227          54.36       0.118064      0.0139392
228         54.319      0.0531579     0.00282576
229         54.244      0.0338093     0.00114307
230         54.182       0.089113     0.00794112
231         55.078       0.130676      0.0170762
232         54.897      0.0981255     0.00962861
233           54.7       0.728958        0.53138
234         54.347      0.0838952     0.00703841
235         54.326      0.0748636     0.00560455
236         55.148      0.0901882      0.0081339
237         57.688      0.0586744     0.00344269
238         55.172      0.0894292     0.00799758
239         55.508       0.111446      0.0124201
240         55.977      0.0955957     0.00913853
241         56.282        1.57786        2.48964
242         57.644      0.0112577    0.000126736
243           55.9       0.183358        0.03362
244         55.799       0.101225      0.0102464
245         55.012      0.0889061     0.00790429
246         56.959      0.0961649     0.00924768
247          56.95         0.1364       0.018605
248         56.869       0.225502      0.0508512
249          57.83      0.0970454      0.0094178
250         57.756      0.0709615     0.00503554
