1        1.36473      0.0284386    0.000808755
2         2.9049      0.0286299    0.000819673
3        4.21042      0.0353464     0.00124937
4        4.33934      0.0107362    0.000115266
5        5.57114      0.0191983    0.000368575
6        5.79479     0.00649241    4.21513e-05
7        6.78758     0.00950944    9.04295e-05
8         7.3043     0.00962776    9.26938e-05
9        7.42285       0.197994      0.0392015
10        7.43443      0.0178937    0.000320185
11        7.37675      0.0279003    0.000778429
12         7.8008       0.037941     0.00143952
13         9.0521      0.0023325    5.44058e-06
14        9.25225      0.0236577    0.000559686
15        9.48697      0.0217999    0.000475238
16        9.74975     0.00791757    6.26879e-05
17        9.69539      0.0136362    0.000185945
18        9.76877     0.00731583    5.35214e-05
19        9.86774      0.0506871     0.00256918
20        10.1972      0.0253996    0.000645137
21        10.2786      0.0124699    0.000155499
22        10.3744      0.0197939    0.000391799
23        10.3828      0.0171349    0.000293606
24         10.983      0.0638156     0.00407243
25         12.497      0.0225176    0.000507044
26        12.8368     0.00516225    2.66489e-05
27        12.9218     0.00349876    1.22413e-05
28        13.5005      0.0158035    0.000249749
29        13.5932      0.0629776     0.00396618
30        13.5966       0.271984      0.0739754
31        13.9499       0.400653       0.160522
32        13.7818       0.228374      0.0521548
33        14.2244       0.258549      0.0668477
34        15.6096      0.0192872    0.000371996
35        14.7395      0.0116625    0.000136014
36        14.2863       0.180774      0.0326792
37        14.5892      0.0183909    0.000338225
38        14.4725      0.0149484    0.000223454
39        14.7255      0.0122905    0.000151057
40        15.1221     0.00386377    1.49287e-05
41        15.5611      0.0251193    0.000630978
42        15.5265        0.01498    0.000224402
43        15.7315      0.0120214    0.000144513
44        15.6016      0.0126048     0.00015888
45        15.6313       0.016507     0.00027248
46        15.8138      0.0375293     0.00140845
47        18.4248      0.0190189    0.000361718
48         18.978      0.0309419    0.000957398
49        18.6212       0.520238       0.270648
50        18.5896      0.0446234     0.00199125
51        19.0661       0.226791      0.0514343
52        18.7367     0.00832928    6.93769e-05
53        18.7154      0.0127391    0.000162284
54        19.1131       0.351603       0.123625
55        19.3287      0.0300534    0.000903208
56        19.2302      0.0243544    0.000593139
57          19.01      0.0443176     0.00196405
58        19.5536      0.0457635      0.0020943
59        19.7515      0.0111243    0.000123749
60         19.958       0.380993       0.145156
61        20.1743      0.0817274     0.00667936
62        20.4795      0.0164685    0.000271213
63        20.2745      0.0772418     0.00596629
64        20.3854      0.0121931    0.000148671
65        21.2826      0.0321168     0.00103149
66        20.7197     0.00886768    7.86357e-05
67        21.0381     0.00170452     2.9054e-06
68        20.6717      0.0420264     0.00176622
69        21.6693      0.0148024    0.000219112
70        20.9199      0.0341722     0.00116774
71        21.2826      0.0126494    0.000160006
72         21.015      0.0628021     0.00394411
73         21.513      0.0217999    0.000475238
74        21.6356      0.0431666     0.00186335
75        21.7816     0.00977858    9.56206e-05
76        22.2332     0.00737917    5.44522e-05
77        22.3086      0.0309505    0.000957936
78        22.1782       0.416939       0.173838
79        22.3487      0.0291563     0.00085009
80        22.6707       0.432521       0.187074
81        22.6894      0.0586715     0.00344234
82        22.1962      0.0570698     0.00325697
83        22.8116       0.053199     0.00283014
84        22.5916      0.0445601      0.0019856
85        24.1563     0.00699751    4.89652e-05
86        25.3944      0.0441167     0.00194628
87        23.2485        0.63785       0.406853
88        23.5636      0.0138082    0.000190667
89        23.8277      0.0524814     0.00275429
90        28.1221      0.0987796      0.0097574
91        24.2625      0.0330139     0.00108992
92        27.3253      0.0213458    0.000455642
93         27.006      0.0892632     0.00796791
94        27.5636      0.0138082    0.000190667
95        27.3908      0.0720385     0.00518955
96        27.4394       0.049374     0.00243779
97        27.6533      0.0602863     0.00363444
98        33.1992       0.164495      0.0270587
99        28.3186       0.030502    0.000930371
100        28.7227      0.0404113     0.00163307
101        28.0701      0.0416262     0.00173274
102        28.4625      0.0170069    0.000289236
103        28.8597       0.051046     0.00260569
104        28.8629      0.0359774     0.00129438
105        28.6794       0.372483       0.138744
106        28.8769        1.58583        2.51484
107        28.7255        0.21154      0.0447493
108        28.5616      0.0771488     0.00595193
109        28.9178      0.0484443     0.00234685
110        28.9009      0.0664126     0.00441063
111        32.7535      0.0784978      0.0061619
112        29.7788      0.0386377     0.00149287
113        29.9459      0.0919545     0.00845563
114        30.0681       0.029485    0.000869366
115        30.1082      0.0846879     0.00717203
116        29.9129       0.382419       0.146244
117        30.2906      0.0317579     0.00100857
118        30.4525      0.0489622      0.0023973
119        30.8297      0.0076255    5.81482e-05
120        30.7107      0.0407913     0.00166393
121        31.4228       0.025837    0.000667549
122        31.6867      0.0415514     0.00172652
123        31.3868      0.0274518    0.000753601
124        31.3854      0.0194455    0.000378129
125        31.4649       0.023953    0.000573748
126        31.2703      0.0547262     0.00299496
127        32.4729       0.021172    0.000448252
128        31.1882      0.0256846    0.000659698
129        32.1824      0.0366024     0.00133973
130         32.022      0.0625805     0.00391631
131        32.4729      0.0235942    0.000556685
132        32.5485      0.0173553    0.000301207
133        33.0882      0.0408188     0.00166618
134         32.954        1.80486        3.25751
135        32.4269        0.11519      0.0132687
136        33.3614      0.0202056    0.000408268
137         34.012       0.491889       0.241955
138        33.3233      0.0214091     0.00045835
139        33.9479      0.0470987     0.00221828
140         32.955       0.096341     0.00928158
141        34.2224      0.0348081     0.00121161
142        33.7628      0.0391445     0.00153229
143        33.4609       0.113665      0.0129197
144        33.8599      0.0360724     0.00130122
145        34.4108      0.0263752    0.000695654
146        34.7087      0.0408546      0.0016691
147        34.7194      0.0125596    0.000157745
148        34.5566      0.0140299    0.000196839
149        39.6754       0.506961       0.257009
150        35.3333       0.052731     0.00278056
151         35.314       0.774306       0.599549
152         35.284      0.0226419    0.000512656
153         35.982       0.983065       0.966417
154         36.698     0.00955008     9.1204e-05
155          36.62         1.0116        1.02333
156         36.231      0.0243179    0.000591361
157         36.388      0.0273695    0.000749088
158          36.08       0.029093      0.0008464
159         35.732       0.101428      0.0102876
160         35.954       0.096323     0.00927812
161             37              0              0
162         36.568       0.013661    0.000186624
163         36.706       0.147312      0.0217009
164         36.473      0.0166652    0.000277729
165         35.822      0.0974031     0.00948737
166         37.063      0.0296305    0.000877969
167          36.39      0.0720014      0.0051842
168         37.112      0.0597038     0.00356454
169          37.81      0.0979398      0.0095922
170         37.738      0.0715307     0.00511664
171         38.258      0.0331832     0.00110113
172         38.047      0.0617593     0.00381421
173         39.718      0.0126114    0.000159048
174         38.035       0.030516    0.000931225
175         38.568        1.36096        1.85221
176          38.72      0.0404772      0.0016384
177         38.802      0.0535762     0.00287041
178         38.646      0.0111945    0.000125316
179         39.424      0.0189619    0.000359552
180         41.188     0.00594508     3.5344e-05
181         40.288        1.13091        1.27897
182         38.385      0.0510708     0.00260823
183         43.854       0.095972     0.00921063
184         44.738      0.0715307     0.00511664
185         44.798      0.0537551     0.00288961
186         45.701       0.230815      0.0532754
187         45.578       0.555529       0.308612
188         45.389      0.0509443     0.00259532
189         44.932      0.0924838     0.00855325
190         45.495       0.142461       0.020295
191         46.232      0.0103754    0.000107648
192         44.706      0.0725426     0.00526244
193          45.75       0.190066       0.036125
194         45.182       0.089113     0.00794112
195         45.596        0.10751      0.0115584
196         45.491      0.0793415     0.00629508
197         46.774      0.0995497     0.00991015
198         46.055      0.0615063     0.00378302
199          46.33      0.0746847      0.0055778
200         46.715       0.876425       0.768121
201          47.53      0.0657404      0.0043218
202         47.406      0.0187839    0.000352836
203         46.626       0.106169      0.0112718
204          47.12      0.0594508      0.0035344
205         50.854      0.0829134     0.00687463
206          47.27      0.0863302      0.0074529
207         48.328       0.119495      0.0142792
208         46.997      0.0949632     0.00901801
209         47.156       0.127188      0.0161767
210         47.844      0.0681787     0.00464834
211          48.39      0.0720014      0.0051842
212         47.423      0.0814919     0.00664093
213          47.97       0.135506      0.0183618
214         48.077      0.0608106     0.00369793
215          48.76       0.100176      0.0100352
216         48.682      0.0416788     0.00173712
217         49.236      0.0788885     0.00622339
218         48.364      0.0833576      0.0069485
219          49.26       0.301422      0.0908552
220         49.767       0.102236      0.0104523
221         48.996       0.134343       0.018048
222         49.803       0.543817       0.295737
223          49.75       0.100623       0.010125
224         49.361      0.0518297     0.00268632
225         50.402      0.0714647     0.00510721
226         50.169      0.0579013     0.00335256
227         49.888       0.139173      0.0193691
228          50.21      0.0882275      0.0077841
229         50.936      0.0475835     0.00226419
230         49.579       0.139804      0.0195452
231         50.368      0.0729853     0.00532685
232         50.666      0.0738076     0.00544756
233         51.248       0.123073       0.015147
234             51      0.0948683          0.009
235         53.448      0.0200352    0.000401408
236         50.924      0.0656489     0.00430978
237         51.094       0.174682      0.0305137
238         51.694      0.0729221     0.00531764
239         51.868      0.0953459     0.00909085
240         52.241       0.814571       0.663526
241         52.134        1.39235        1.93865
242         52.097      0.0918009     0.00842741
243         52.286       0.121374      0.0147316
244         52.075      0.0924966     0.00855562
245         55.202      0.0537551     0.00288961
246         52.746       0.102901      0.0105885
247         52.368        1.19102        1.41853
248         53.174      0.0577432     0.00333428
249         53.818       0.142303      0.0202502
250         53.158      0.0898719     0.00807696

